v3.0 hex words addressed
00: 08008000 10004000 00001804 00002402 80200000 00000000 00000000 00000000
08: 08008000 10004000 00001204 000000b0 0000200a 80200100 00000000 00000000
10: 08008000 10004000 00001204 000000c0 0000200a 80200100 00000000 00000000
18: 08008000 10004000 00001204 00000080 0000200a 80200100 00000000 00000000
20: 08008000 10004000 00001204 00000090 0000200a 80200100 00000000 00000000
28: 08008000 10004000 00001204 000000a0 0000200a 80200100 00000000 00000000
30: 08008000 10004000 00001204 000000d0 0000200a 80200000 00000000 00000000
38: 08008000 10004000 00001204 000000e0 0000200a 80200000 00000000 00000000
40: 08008000 10004000 10200800 08008000 12800000 01800400 0c000000 90200001
48: 08008000 10004000 10200800 08008000 12800000 01800400 0c000000 a0200004
50: 08008000 10004000 00020000 00020000 80200000 00000000 00000000 00000000
58: 08008000 10004000 00010000 00010000 80200000 00000000 00000000 00000000
60: 08008000 10004000 10000800 00200000 08008000 12000000 81000400 00000000
68: 08008000 10004000 00000000 00000000 00000000 00000000 00000000 00000000
70: 08008000 10004000 00000000 00000000 00000000 00000000 00000000 00000000
78: 08008000 10004000 00200000 40000000 80000000 00000000 00000000 00000000
